algo = SOM
somDepth = 5

[som]
width       = 10
radiusStart = 3.1622777
radiusEnd   = 0.31622777
maxIter     = 100000

